#######################
# Market: S&P 500
# Dates: 2009-01-02 00:00:00 2018-03-27 00:00:00
# Socks: ['AAL' 'AAPL' 'AMGN' 'AMZN' 'FB' 'GOOGL']
#######################
 6
#######################
 0.0011266814682520739 0.03760091226152843
 0.0012790071573881593 0.016605161956784603
 0.000635437933689748 0.015460153679355042
 0.001655363191717547 0.02147088303326729
 0.0012050450547310405 0.02332486765135592
 0.0009108238199842072 0.015649313764157645
#######################
 1 1 1.0
 1 2 0.26085163243318665
 1 3 0.2575588808635142
 1 4 0.2165991556126044
 1 5 0.16764468547186345
 1 6 0.2648910453391596
 2 1 0.26085163243318665
 2 2 1.0
 2 3 0.29566541346656017
 2 4 0.3525133540799309
 2 5 0.23439614020690688
 2 6 0.47431118859927995
 3 1 0.2575588808635142
 3 2 0.29566541346656017
 3 3 1.0
 3 4 0.29410667154182846
 3 5 0.2518549726792366
 3 6 0.35896716966195347
 4 1 0.2165991556126044
 4 2 0.3525133540799309
 4 3 0.29410667154182846
 4 4 1.0
 4 5 0.3409038455878661
 4 6 0.5068991996217306
 5 1 0.16764468547186345
 5 2 0.23439614020690688
 5 3 0.2518549726792366
 5 4 0.3409038455878661
 5 5 1.0
 5 6 0.3694138476770015
 6 1 0.2648910453391596
 6 2 0.47431118859927995
 6 3 0.35896716966195347
 6 4 0.5068991996217306
 6 5 0.3694138476770015
 6 6 1.0
#######################
