#######################
# Market: S&P 500
# Dates: 2009-01-02 00:00:00 2018-03-27 00:00:00
# Socks: ['AAL' 'AAPL' 'AMGN' 'AMZN' 'FB' 'GOOGL']
#######################
 6
#######################
 0.0011266814682520734 0.03760091226152842
 0.0012790071573881602 0.01660516195678461
 0.000635437933689748 0.015460153679355057
 0.001655363191717547 0.02147088303326729
 0.0012050450547310405 0.023324867651355913
 0.0009108238199842068 0.01564931376415765
#######################
 1 1 1.0
 1 2 0.2608516324331876
 1 3 0.25755888086351414
 1 4 0.2165991556126045
 1 5 0.16764468547186373
 1 6 0.26489104533915975
 2 1 0.2608516324331876
 2 2 1.0
 2 3 0.2956654134665603
 2 4 0.3525133540799312
 2 5 0.23439614020690686
 2 6 0.47431118859927957
 3 1 0.25755888086351414
 3 2 0.2956654134665603
 3 3 1.0
 3 4 0.29410667154182846
 3 5 0.2518549726792369
 3 6 0.3589671696619527
 4 1 0.2165991556126045
 4 2 0.3525133540799312
 4 3 0.29410667154182846
 4 4 1.0
 4 5 0.3409038455878661
 4 6 0.5068991996217307
 5 1 0.16764468547186373
 5 2 0.23439614020690686
 5 3 0.2518549726792369
 5 4 0.3409038455878661
 5 5 1.0
 5 6 0.36941384767700164
 6 1 0.26489104533915975
 6 2 0.47431118859927957
 6 3 0.3589671696619527
 6 4 0.5068991996217307
 6 5 0.36941384767700164
 6 6 1.0
#######################
