#######################
# Market: S&P 500
# Dates: 2009-01-02 00:00:00 2018-03-27 00:00:00
# Socks: ['TPR' 'DXC' 'SPGI' 'HLT' 'CMS' 'NI' 'AAPL' 'HD' 'ROST' 'TJX']
#######################
 10
#######################
 0.0027434431257179247 0.015285273206246773
 0.0017429497145808586 0.013088063653115248
 0.0012373578429915489 0.01189927716979066
 0.0009306444268839429 0.011461797673720443
 0.0008282459404427601 0.011175920533893779
 0.0009690770142471222 0.013010246495990857
 0.0012771740626233159 0.0166085085660163
 0.0010404439398381 0.013930337578182577
 0.0011505609424148316 0.01553642652561157
 0.0010168475549391705 0.014213084523982745
#######################
 1 1 1.0
 1 2 0.20723057187811017
 1 3 0.5911277790738877
 1 4 0.3847752745066888
 1 5 -0.016212129382748127
 1 6 -0.004584250363452371
 1 7 0.4109886301472062
 1 8 0.4966752078178676
 1 9 0.4351483661463062
 1 10 0.3179412890696744
 2 1 0.20723057187811017
 2 2 1.0
 2 3 0.4777048230871954
 2 4 0.42145761872219967
 2 5 0.15345388177454736
 2 6 0.1634427939764454
 2 7 0.39367824591520395
 2 8 0.2906929692332962
 2 9 0.11285987968333792
 2 10 0.11134370075909963
 3 1 0.5911277790738877
 3 2 0.4777048230871954
 3 3 1.0
 3 4 0.5003202007880635
 3 5 0.08691576743631108
 3 6 0.18047164922417847
 3 7 0.3700799897405949
 3 8 0.4993714407133253
 3 9 0.21697164427616664
 3 10 0.29562777151947933
 4 1 0.3847752745066888
 4 2 0.42145761872219967
 4 3 0.5003202007880635
 4 4 1.0
 4 5 0.13853585708275049
 4 6 0.10137183465681894
 4 7 0.33257294443262053
 4 8 0.4632404190898507
 4 9 0.3241630904942479
 4 10 0.28138071761320815
 5 1 -0.016212129382748127
 5 2 0.15345388177454736
 5 3 0.08691576743631108
 5 4 0.13853585708275049
 5 5 1.0
 5 6 0.702625054501985
 5 7 0.2633072296701458
 5 8 0.4052375944603396
 5 9 0.2891751274061276
 5 10 0.3044602887847297
 6 1 -0.004584250363452371
 6 2 0.1634427939764454
 6 3 0.18047164922417847
 6 4 0.10137183465681894
 6 5 0.702625054501985
 6 6 1.0
 6 7 0.29596126057329686
 6 8 0.43196756813521053
 6 9 0.28087839212877447
 6 10 0.32431028644454385
 7 1 0.4109886301472062
 7 2 0.39367824591520395
 7 3 0.3700799897405949
 7 4 0.33257294443262053
 7 5 0.2633072296701458
 7 6 0.29596126057329686
 7 7 1.0
 7 8 0.3889365574254423
 7 9 0.30215753224273956
 7 10 0.3266078517482247
 8 1 0.4966752078178676
 8 2 0.2906929692332962
 8 3 0.4993714407133253
 8 4 0.4632404190898507
 8 5 0.4052375944603396
 8 6 0.43196756813521053
 8 7 0.3889365574254423
 8 8 1.0
 8 9 0.48837203617094394
 8 10 0.5348327658249247
 9 1 0.4351483661463062
 9 2 0.11285987968333792
 9 3 0.21697164427616664
 9 4 0.3241630904942479
 9 5 0.2891751274061276
 9 6 0.28087839212877447
 9 7 0.30215753224273956
 9 8 0.48837203617094394
 9 9 1.0
 9 10 0.6759364404570267
 10 1 0.3179412890696744
 10 2 0.11134370075909963
 10 3 0.29562777151947933
 10 4 0.28138071761320815
 10 5 0.3044602887847297
 10 6 0.32431028644454385
 10 7 0.3266078517482247
 10 8 0.5348327658249247
 10 9 0.6759364404570267
 10 10 1.0
#######################
