#######################
# Market: S&P 500
# Dates: 2009-01-02 00:00:00 2018-03-27 00:00:00
# Socks: ['TPR' 'NFLX' 'GGP' 'INCY' 'NKTR' 'ALGN' 'MU' 'NVDA' 'URI' 'DXC' 'CBRE' 'ULTA' 'SWKS' 'AMZN' 'STX']
#######################
 15
#######################
 0.002743443125717924 0.015285273206246773
 0.0023829019663797776 0.03366728062158861
 0.002170904803461111 0.04191797798838231
 0.001904094756616648 0.03251336475826053
 0.0018323572618068405 0.03475139454696044
 0.001790394928756207 0.027278146812246405
 0.0017671657548696364 0.03224419021879232
 0.0017631094113847764 0.02644305962983356
 0.0017620053261235688 0.03103069655556457
 0.0017429497145808595 0.013088063653115252
 0.0017429421760057197 0.030600448235035375
 0.0017229868175483375 0.026100875215355396
 0.0016581837502349227 0.028300907286900438
 0.001647634619695467 0.021472285876550222
 0.0016427830000225606 0.030220216148252425
#######################
 1 1 1.0
 1 2 0.30475444065536644
 1 3 0.14431384814750112
 1 4 0.41232635589466543
 1 5 -0.07748508897438047
 1 6 0.1786568014565705
 1 7 0.345948910891184
 1 8 0.39596111221684266
 1 9 0.489605532609156
 1 10 0.20723057187811086
 1 11 0.9253685298149902
 1 12 0.3269358680431274
 1 13 0.4450296726286853
 1 14 0.2627244459882376
 1 15 0.2386178022231018
 2 1 0.30475444065536644
 2 2 1.0
 2 3 0.0762423440499374
 2 4 0.18609464949992824
 2 5 0.15483948406994308
 2 6 0.1620434726942273
 2 7 0.2217783305919679
 2 8 0.23545607936808854
 2 9 0.2294676662124852
 2 10 0.32354641570549586
 2 11 0.7173174003797268
 2 12 0.17235401416574045
 2 13 0.2079636282402761
 2 14 0.3479072473856264
 2 15 0.1776250278029835
 3 1 0.14431384814750112
 3 2 0.0762423440499374
 3 3 1.0
 3 4 0.2176358463406972
 3 5 0.15177154288962122
 3 6 0.17259136811919806
 3 7 0.2136721793777974
 3 8 0.21157783038491051
 3 9 0.22350645779346798
 3 10 0.04731874956486239
 3 11 0.11372161267803368
 3 12 0.1656835597083645
 3 13 0.17673919090838533
 3 14 0.18925487111232303
 3 15 0.20523951152280281
 4 1 0.41232635589466543
 4 2 0.18609464949992824
 4 3 0.2176358463406972
 4 4 1.0
 4 5 0.37741924850110753
 4 6 0.3015192919724969
 4 7 0.31785124987074936
 4 8 0.2694883082040195
 4 9 0.3556243327839308
 4 10 0.21504691521482783
 4 11 0.9590891674654944
 4 12 0.2462342676270738
 4 13 0.32706663849969686
 4 14 0.2819587937994221
 4 15 0.27254920676939653
 5 1 -0.07748508897438047
 5 2 0.15483948406994308
 5 3 0.15177154288962122
 5 4 0.37741924850110753
 5 5 1.0
 5 6 0.2830573249535014
 5 7 0.2884082878720397
 5 8 0.28662850406319573
 5 9 0.3240982523572494
 5 10 0.1934622884436311
 5 11 0.8000400302497426
 5 12 0.2006877296640776
 5 13 0.27869509616008464
 5 14 0.24306934467031838
 5 15 0.2674067098115061
 6 1 0.1786568014565705
 6 2 0.1620434726942273
 6 3 0.17259136811919806
 6 4 0.3015192919724969
 6 5 0.2830573249535014
 6 6 1.0
 6 7 0.3081260928677629
 6 8 0.3082119918578864
 6 9 0.35659007902887624
 6 10 0.35815735493128176
 6 11 0.8340027056992052
 6 12 0.20153569221191076
 6 13 0.31249943335070324
 6 14 0.2972786011008941
 6 15 0.2562210661348789
 7 1 0.345948910891184
 7 2 0.2217783305919679
 7 3 0.2136721793777974
 7 4 0.31785124987074936
 7 5 0.2884082878720397
 7 6 0.3081260928677629
 7 7 1.0
 7 8 0.5097046430648847
 7 9 0.4313945685624388
 7 10 0.32022839718228024
 7 11 0.9770063198319276
 7 12 0.27471724028969313
 7 13 0.4889026831114221
 7 14 0.3268278783830543
 7 15 0.42118272706431414
 8 1 0.39596111221684266
 8 2 0.23545607936808854
 8 3 0.21157783038491051
 8 4 0.2694883082040195
 8 5 0.28662850406319573
 8 6 0.3082119918578864
 8 7 0.5097046430648847
 8 8 1.0
 8 9 0.3856910465251439
 8 10 0.3766342544549188
 8 11 0.7301473162722378
 8 12 0.2901175817268928
 8 13 0.47395528956179384
 8 14 0.32187260491721614
 8 15 0.36445733582742623
 9 1 0.489605532609156
 9 2 0.2294676662124852
 9 3 0.22350645779346798
 9 4 0.3556243327839308
 9 5 0.3240982523572494
 9 6 0.35659007902887624
 9 7 0.4313945685624388
 9 8 0.3856910465251439
 9 9 1.0
 9 10 0.2593904318466459
 9 11 0.9733766166629679
 9 12 0.3506003206686218
 9 13 0.4313941363528446
 9 14 0.3117675546027081
 9 15 0.3728953119534367
 10 1 0.20723057187811086
 10 2 0.32354641570549586
 10 3 0.04731874956486239
 10 4 0.21504691521482783
 10 5 0.1934622884436311
 10 6 0.35815735493128176
 10 7 0.32022839718228024
 10 8 0.3766342544549188
 10 9 0.2593904318466459
 10 10 1.0
 10 11 0.8806337746222268
 10 12 0.10320688371549676
 10 13 0.3665529151729845
 10 14 0.3318348318576305
 10 15 0.2284772545268006
 11 1 0.9253685298149902
 11 2 0.7173174003797268
 11 3 0.11372161267803368
 11 4 0.9590891674654944
 11 5 0.8000400302497426
 11 6 0.8340027056992052
 11 7 0.9770063198319276
 11 8 0.7301473162722378
 11 9 0.9733766166629679
 11 10 0.8806337746222268
 11 11 1.0
 11 12 0.9694171004506774
 11 13 0.9275375242668115
 11 14 0.8750907736426405
 11 15 0.9999952592545982
 12 1 0.3269358680431274
 12 2 0.17235401416574045
 12 3 0.1656835597083645
 12 4 0.2462342676270738
 12 5 0.2006877296640776
 12 6 0.20153569221191076
 12 7 0.27471724028969313
 12 8 0.2901175817268928
 12 9 0.3506003206686218
 12 10 0.10320688371549676
 12 11 0.9694171004506774
 12 12 1.0
 12 13 0.29742906113072165
 12 14 0.2509464642207862
 12 15 0.23836099318202958
 13 1 0.4450296726286853
 13 2 0.2079636282402761
 13 3 0.17673919090838533
 13 4 0.32706663849969686
 13 5 0.27869509616008464
 13 6 0.31249943335070324
 13 7 0.4889026831114221
 13 8 0.47395528956179384
 13 9 0.4313941363528446
 13 10 0.3665529151729845
 13 11 0.9275375242668115
 13 12 0.29742906113072165
 13 13 1.0
 13 14 0.3448081140702982
 13 15 0.35426529867175405
 14 1 0.2627244459882376
 14 2 0.3479072473856264
 14 3 0.18925487111232303
 14 4 0.2819587937994221
 14 5 0.24306934467031838
 14 6 0.2972786011008941
 14 7 0.3268278783830543
 14 8 0.32187260491721614
 14 9 0.3117675546027081
 14 10 0.3318348318576305
 14 11 0.8750907736426405
 14 12 0.2509464642207862
 14 13 0.3448081140702982
 14 14 1.0
 14 15 0.21288162433900315
 15 1 0.2386178022231018
 15 2 0.1776250278029835
 15 3 0.20523951152280281
 15 4 0.27254920676939653
 15 5 0.2674067098115061
 15 6 0.2562210661348789
 15 7 0.42118272706431414
 15 8 0.36445733582742623
 15 9 0.3728953119534367
 15 10 0.2284772545268006
 15 11 0.9999952592545982
 15 12 0.23836099318202958
 15 13 0.35426529867175405
 15 14 0.21288162433900315
 15 15 1.0
#######################
