#######################
# Market: S&P 500
# Dates: 2009-01-02 00:00:00 2018-03-27 00:00:00
# Socks: ['TPR' 'NFLX' 'GGP' 'INCY' 'NKTR' 'ALGN' 'MU' 'NVDA' 'URI' 'DXC' 'CBRE' 'ULTA' 'SWKS' 'AMZN' 'STX' 'REGN' 'XL' 'IPGP' 'WYN' 'EVHC' 'AVGO' 'TTWO' 'CRM' 'RCL' 'TDG' 'ILMN' 'PXD' 'STZ' 'UAL' 'CNC' 'AMD' 'AAPL' 'FITB' 'SIVB' 'SBUX' 'RHT' 'HII' 'EXR' 'SPGI' 'WDC' 'COO' 'EXPE' 'LEN' 'MNST' 'MA' 'LYB' 'ALK' 'CHTR' 'WYNN' 'FB']
#######################
 50
#######################
 0.002743443125717924 0.015285273206246773
 0.0023829019663797776 0.03366728062158861
 0.002170904803461111 0.04191797798838231
 0.001904094756616648 0.03251336475826053
 0.0018323572618068405 0.03475139454696044
 0.001790394928756207 0.027278146812246405
 0.0017671657548696364 0.03224419021879232
 0.0017631094113847764 0.02644305962983356
 0.0017620053261235688 0.03103069655556457
 0.0017429497145808595 0.013088063653115252
 0.0017429421760057197 0.030600448235035375
 0.0017229868175483375 0.026100875215355396
 0.0016581837502349227 0.028300907286900438
 0.001647634619695467 0.021472285876550222
 0.0016427830000225606 0.030220216148252425
 0.0016156975216618825 0.027874149319980876
 0.001607160051054561 0.028739887336425463
 0.0016011304349661721 0.027650962042826733
 0.0015544702556541897 0.025036352504190108
 0.0015431804134847607 0.06639754158903642
 0.0015266349522838234 0.021553026357085663
 0.0013834960723157288 0.024738438990535228
 0.0013781154564896365 0.02315570829717815
 0.00135065354021205 0.028944994277208824
 0.0013452017583213823 0.0163294085504273
 0.001311192771483297 0.02737077154829499
 0.0012984219131410124 0.025567510741168593
 0.0012932059154302704 0.01881840353717593
 0.0012881599148515128 0.033038186696766364
 0.001285954480592631 0.02364417728558034
 0.0012818362728449018 0.03724834694815981
 0.0012771740626233154 0.0166085085660163
 0.0012672219120737186 0.03702945171189517
 0.0012641695864525208 0.024804416059325554
 0.0012572337410362141 0.01746665814263509
 0.0012508038400723966 0.020961027901234698
 0.0012451184764104683 0.01550372274598658
 0.00123958313015979 0.01999734045598103
 0.0012373578429915502 0.011899277169790655
 0.0012356696801542767 0.025282270561606996
 0.0012296362697766636 0.017567297946366252
 0.0012293178648851502 0.02754963099728899
 0.0012179689859842609 0.028272362105157857
 0.001213155888759274 0.021888876193744546
 0.001209300287195593 0.01755832937607582
 0.001205643080047617 0.02093588527775337
 0.0012045994969444042 0.02310112494518168
 0.0011985911297742401 0.016988287793609284
 0.0011976365911955174 0.030303657069936884
 0.0011959577009899292 0.023330200314020114
#######################
 1 1 1.0
 1 2 0.30475444065536644
 1 3 0.14431384814750112
 1 4 0.41232635589466543
 1 5 -0.07748508897438047
 1 6 0.1786568014565705
 1 7 0.345948910891184
 1 8 0.39596111221684266
 1 9 0.489605532609156
 1 10 0.20723057187811086
 1 11 0.9253685298149902
 1 12 0.3269358680431274
 1 13 0.4450296726286853
 1 14 0.2627244459882376
 1 15 0.2386178022231018
 1 16 0.3110467551029631
 1 17 -0.02185771453328321
 1 18 0.32423725143792936
 1 19 0.41586318714588966
 1 20 0.09461927846515193
 1 21 0.3207446791249417
 1 22 0.13224299194180142
 1 23 0.3007889379418956
 1 24 0.4281323445899097
 1 25 0.29117824223761735
 1 26 0.3959671275647024
 1 27 0.24918901113077302
 1 28 0.2519807354135218
 1 29 0.2735518253982665
 1 30 0.4028485239954687
 1 31 0.26624493757936446
 1 32 0.41098863014720616
 1 33 0.3480193374783707
 1 34 0.4050642506603495
 1 35 0.26994185362493656
 1 36 0.21352705430914343
 1 37 0.13012803509776413
 1 38 0.1764541077225677
 1 39 0.5911277790738884
 1 40 0.24265203213326364
 1 41 0.12594368707004425
 1 42 0.13680141124667114
 1 43 0.3418601094093627
 1 44 0.31355489745533494
 1 45 0.3354267644783938
 1 46 0.4833821163034862
 1 47 0.2610927439307192
 1 48 0.14295966788865078
 1 49 0.05974220460707711
 1 50 0.1679410641848232
 2 1 0.30475444065536644
 2 2 1.0
 2 3 0.0762423440499374
 2 4 0.18609464949992824
 2 5 0.15483948406994308
 2 6 0.1620434726942273
 2 7 0.2217783305919679
 2 8 0.23545607936808854
 2 9 0.2294676662124852
 2 10 0.32354641570549586
 2 11 0.7173174003797268
 2 12 0.17235401416574045
 2 13 0.2079636282402761
 2 14 0.3479072473856264
 2 15 0.1776250278029835
 2 16 0.16723700251801527
 2 17 0.1175207336873551
 2 18 0.20250894793118715
 2 19 0.1695506079565163
 2 20 0.06758053983110977
 2 21 0.2200119741575853
 2 22 0.2057515577651036
 2 23 0.2604566580135003
 2 24 0.19388102458585
 2 25 0.19266604485799374
 2 26 0.18485635843996082
 2 27 0.1709478576388169
 2 28 0.15475126264796513
 2 29 0.16105155074009792
 2 30 0.14522062210394485
 2 31 0.190733850057475
 2 32 0.1869300976898507
 2 33 0.11457033256115777
 2 34 0.1746819327689425
 2 35 0.24534899615514974
 2 36 0.2157199500681083
 2 37 0.18489966490572568
 2 38 0.17329192531347684
 2 39 0.3056653195851268
 2 40 0.22022757690286288
 2 41 0.1707185669370451
 2 42 0.22887623919206943
 2 43 0.1735346941671814
 2 44 0.12832216902968496
 2 45 0.2273020631616076
 2 46 0.2289063730278489
 2 47 0.17850207351690656
 2 48 0.13691756110410477
 2 49 0.18713757982770157
 2 50 0.19467964200262017
 3 1 0.14431384814750112
 3 2 0.0762423440499374
 3 3 1.0
 3 4 0.2176358463406972
 3 5 0.15177154288962122
 3 6 0.17259136811919806
 3 7 0.2136721793777974
 3 8 0.21157783038491051
 3 9 0.22350645779346798
 3 10 0.04731874956486239
 3 11 0.11372161267803368
 3 12 0.1656835597083645
 3 13 0.17673919090838533
 3 14 0.18925487111232303
 3 15 0.20523951152280281
 3 16 0.17734083144282958
 3 17 0.3088451817871439
 3 18 0.15860647740959766
 3 19 0.28221256747593676
 3 20 0.09205500430606971
 3 21 0.2097065176793387
 3 22 0.1459064160866625
 3 23 0.21632260775530915
 3 24 0.25822249770874456
 3 25 0.21890579740912622
 3 26 0.10904675380244065
 3 27 0.24264151074390652
 3 28 0.16277001232246224
 3 29 0.25674658422480795
 3 30 0.15087834374065462
 3 31 0.19663254082332837
 3 32 0.2065387565031701
 3 33 0.3111466107870779
 3 34 0.2857498025648051
 3 35 0.24075230550323257
 3 36 0.20342430234039957
 3 37 0.2562073568502504
 3 38 0.3578905050092631
 3 39 0.1978991456561614
 3 40 0.18428512489705
 3 41 0.19645399923943307
 3 42 0.1952732939709932
 3 43 0.2932322092625585
 3 44 0.12808814950092784
 3 45 0.2560157947621805
 3 46 0.4024425141732469
 3 47 0.2520354199295637
 3 48 0.24402161973428388
 3 49 0.2670443997830646
 3 50 0.13087939152266154
 4 1 0.41232635589466543
 4 2 0.18609464949992824
 4 3 0.2176358463406972
 4 4 1.0
 4 5 0.37741924850110753
 4 6 0.3015192919724969
 4 7 0.31785124987074936
 4 8 0.2694883082040195
 4 9 0.3556243327839308
 4 10 0.21504691521482783
 4 11 0.9590891674654944
 4 12 0.2462342676270738
 4 13 0.32706663849969686
 4 14 0.2819587937994221
 4 15 0.27254920676939653
 4 16 0.44218371301194453
 4 17 0.2968657528013062
 4 18 0.2964418367673043
 4 19 0.3624400366890864
 4 20 0.08324016299006518
 4 21 0.2944048798594066
 4 22 0.2744301583257177
 4 23 0.3272981588385006
 4 24 0.3703006982661378
 4 25 0.31682368641141323
 4 26 0.324493128488203
 4 27 0.31560262543121537
 4 28 0.2594178195509488
 4 29 0.3085906222950223
 4 30 0.2735256636738296
 4 31 0.25519554935409866
 4 32 0.26828268015908757
 4 33 0.29844947368302605
 4 34 0.36872797403326246
 4 35 0.33598930604113303
 4 36 0.3273496812032838
 4 37 0.26362723255777204
 4 38 0.33363705062885934
 4 39 0.23658992193575037
 4 40 0.3024619930269364
 4 41 0.30971421819047956
 4 42 0.27962625216325815
 4 43 0.3693131919632892
 4 44 0.16818540526216538
 4 45 0.3483561176215073
 4 46 0.2948231331575707
 4 47 0.31688636707872087
 4 48 0.22301034149634563
 4 49 0.3037657365479068
 4 50 0.22669389628605427
 5 1 -0.07748508897438047
 5 2 0.15483948406994308
 5 3 0.15177154288962122
 5 4 0.37741924850110753
 5 5 1.0
 5 6 0.2830573249535014
 5 7 0.2884082878720397
 5 8 0.28662850406319573
 5 9 0.3240982523572494
 5 10 0.1934622884436311
 5 11 0.8000400302497426
 5 12 0.2006877296640776
 5 13 0.27869509616008464
 5 14 0.24306934467031838
 5 15 0.2674067098115061
 5 16 0.3209955072418038
 5 17 0.2453353271298947
 5 18 0.24578987703674635
 5 19 0.29512289570502837
 5 20 0.07876647500820132
 5 21 0.25026498231353383
 5 22 0.2416744714459579
 5 23 0.294205577354733
 5 24 0.32191544336852795
 5 25 0.27751105258664405
 5 26 0.3028355299474115
 5 27 0.26576044346610667
 5 28 0.21965375679888335
 5 29 0.26565926380598187
 5 30 0.2416812317168756
 5 31 0.23659582794924575
 5 32 0.2635773413684096
 5 33 0.24552358940158364
 5 34 0.3171123827745359
 5 35 0.29278489940582864
 5 36 0.30716265711226665
 5 37 0.25143501044948124
 5 38 0.29900476120133923
 5 39 0.18203162086115393
 5 40 0.24715984655480708
 5 41 0.27702445378484103
 5 42 0.2508595974799146
 5 43 0.30093999796233223
 5 44 0.19146946274289442
 5 45 0.3116098903183619
 5 46 0.2850151667476223
 5 47 0.2920257694313719
 5 48 0.18448015126335282
 5 49 0.27393870077182864
 5 50 0.1533133774676781
 6 1 0.1786568014565705
 6 2 0.1620434726942273
 6 3 0.17259136811919806
 6 4 0.3015192919724969
 6 5 0.2830573249535014
 6 6 1.0
 6 7 0.3081260928677629
 6 8 0.3082119918578864
 6 9 0.35659007902887624
 6 10 0.35815735493128176
 6 11 0.8340027056992052
 6 12 0.20153569221191076
 6 13 0.31249943335070324
 6 14 0.2972786011008941
 6 15 0.2562210661348789
 6 16 0.2755955474459207
 6 17 0.26582455924759973
 6 18 0.32194976837371286
 6 19 0.3400740892983012
 6 20 0.08049232693072228
 6 21 0.2922356673979942
 6 22 0.2880660779413531
 6 23 0.32862388797487796
 6 24 0.3540788848821586
 6 25 0.3047594486075669
 6 26 0.2764689358046173
 6 27 0.3162695063251511
 6 28 0.2337441215888166
 6 29 0.22197817286863475
 6 30 0.29587614811952795
 6 31 0.23963837823515124
 6 32 0.2642232751586502
 6 33 0.2257048750338712
 6 34 0.37778106418044083
 6 35 0.2837210101639851
 6 36 0.3445258419015266
 6 37 0.2712999777745754
 6 38 0.3410908731623026
 6 39 0.29084982533227044
 6 40 0.27369843928448223
 6 41 0.364573208705549
 6 42 0.2230322395750685
 6 43 0.3231500182750051
 6 44 0.2202934422711153
 6 45 0.34454171658182897
 6 46 0.3724453799281856
 6 47 0.27842606734541747
 6 48 0.19242168868567822
 6 49 0.32267691079003097
 6 50 0.2259378290920895
 7 1 0.345948910891184
 7 2 0.2217783305919679
 7 3 0.2136721793777974
 7 4 0.31785124987074936
 7 5 0.2884082878720397
 7 6 0.3081260928677629
 7 7 1.0
 7 8 0.5097046430648847
 7 9 0.4313945685624388
 7 10 0.32022839718228024
 7 11 0.9770063198319276
 7 12 0.27471724028969313
 7 13 0.4889026831114221
 7 14 0.3268278783830543
 7 15 0.42118272706431414
 7 16 0.26912159962210347
 7 17 0.32871451189028295
 7 18 0.3869254115715809
 7 19 0.43223590065427236
 7 20 0.0698783769269352
 7 21 0.43978760133919303
 7 22 0.3262214542888306
 7 23 0.41372734580443593
 7 24 0.426292713185718
 7 25 0.3872316619680745
 7 26 0.2846810769192925
 7 27 0.4105664071711055
 7 28 0.27046785320935046
 7 29 0.34429227863002676
 7 30 0.25961351626717283
 7 31 0.4402572276370542
 7 32 0.39778424027169496
 7 33 0.3170531346560476
 7 34 0.4375692905293643
 7 35 0.39227129993918924
 7 36 0.4001202747742404
 7 37 0.2523848386073636
 7 38 0.36530157406167174
 7 39 0.3521684269938886
 7 40 0.5020585626955619
 7 41 0.3096770471946961
 7 42 0.2875017218116314
 7 43 0.39997184959476917
 7 44 0.20094751507411068
 7 45 0.3998965104837425
 7 46 0.40331404817283784
 7 47 0.3788210347612343
 7 48 0.25510992051319703
 7 49 0.41456338599010606
 7 50 0.1964455007319821
 8 1 0.39596111221684266
 8 2 0.23545607936808854
 8 3 0.21157783038491051
 8 4 0.2694883082040195
 8 5 0.28662850406319573
 8 6 0.3082119918578864
 8 7 0.5097046430648847
 8 8 1.0
 8 9 0.3856910465251439
 8 10 0.3766342544549188
 8 11 0.7301473162722378
 8 12 0.2901175817268928
 8 13 0.47395528956179384
 8 14 0.32187260491721614
 8 15 0.36445733582742623
 8 16 0.27440978866254173
 8 17 0.27407307582619117
 8 18 0.37919280686058143
 8 19 0.39074533064104844
 8 20 0.05540134963032713
 8 21 0.41637481619463435
 8 22 0.338412482792828
 8 23 0.4294565909244546
 8 24 0.4167441836844941
 8 25 0.35609935094771733
 8 26 0.26228382857243804
 8 27 0.35240979882052886
 8 28 0.2388786580577418
 8 29 0.30509778889175115
 8 30 0.23920299174906737
 8 31 0.443747535274235
 8 32 0.38088314639321014
 8 33 0.25064159887352655
 8 34 0.37609373601415125
 8 35 0.3805091189743753
 8 36 0.41584398338209944
 8 37 0.2559440498502403
 8 38 0.351823598293335
 8 39 0.28526970471318286
 8 40 0.4249251874570245
 8 41 0.29407076103882895
 8 42 0.2877922583802195
 8 43 0.37292906646739604
 8 44 0.23836402118309577
 8 45 0.4119103786404365
 8 46 0.3465077020316026
 8 47 0.34055483659227465
 8 48 0.2291029671546699
 8 49 0.37434943068886795
 8 50 0.2233264935940165
 9 1 0.489605532609156
 9 2 0.2294676662124852
 9 3 0.22350645779346798
 9 4 0.3556243327839308
 9 5 0.3240982523572494
 9 6 0.35659007902887624
 9 7 0.4313945685624388
 9 8 0.3856910465251439
 9 9 1.0
 9 10 0.2593904318466459
 9 11 0.9733766166629679
 9 12 0.3506003206686218
 9 13 0.4313941363528446
 9 14 0.3117675546027081
 9 15 0.3728953119534367
 9 16 0.32509873423326596
 9 17 0.4006404888515603
 9 18 0.39847335531214223
 9 19 0.5070588152563755
 9 20 0.05618745342835099
 9 21 0.3604848328114347
 9 22 0.3429472532465108
 9 23 0.4072785896752169
 9 24 0.5042296088707541
 9 25 0.4262808558373797
 9 26 0.26377605228255463
 9 27 0.49480597046192737
 9 28 0.29917476664573955
 9 29 0.33614293043103116
 9 30 0.29320155882079696
 9 31 0.3357784955634056
 9 32 0.37574921989080484
 9 33 0.39469284871802607
 9 34 0.5059833730888039
 9 35 0.41802556839588473
 9 36 0.4068594371913237
 9 37 0.3909197181907001
 9 38 0.43730579946569775
 9 39 0.33685210913410946
 9 40 0.3752795160508227
 9 41 0.3441520915458296
 9 42 0.32777405436984364
 9 43 0.47539396043687554
 9 44 0.2382419778131493
 9 45 0.4388219142951468
 9 46 0.5635582955684396
 9 47 0.39152679977487903
 9 48 0.31268084605252155
 9 49 0.4407959170010243
 9 50 0.13676085082813402
 10 1 0.20723057187811086
 10 2 0.32354641570549586
 10 3 0.04731874956486239
 10 4 0.21504691521482783
 10 5 0.1934622884436311
 10 6 0.35815735493128176
 10 7 0.32022839718228024
 10 8 0.3766342544549188
 10 9 0.2593904318466459
 10 10 1.0
 10 11 0.8806337746222268
 10 12 0.10320688371549676
 10 13 0.3665529151729845
 10 14 0.3318348318576305
 10 15 0.2284772545268006
 10 16 0.22622044891167337
 10 17 0.13915541771753878
 10 18 0.45040365348597194
 10 19 0.33052209821189343
 10 20 0.06560048830976474
 10 21 0.29676395562334956
 10 22 0.4171614580876852
 10 23 0.5285403594851547
 10 24 0.3105215559030947
 10 25 0.186549061651592
 10 26 0.30224142767236767
 10 27 0.18426776282596205
 10 28 0.30602200648483596
 10 29 0.24346088938695062
 10 30 0.1587542351151214
 10 31 0.192391314047536
 10 32 0.39367824591520373
 10 33 0.2595375881428075
 10 34 0.31429207259029296
 10 35 0.1673095932188086
 10 36 0.4135649916863175
 10 37 0.32750843412881986
 10 38 0.20321735367083188
 10 39 0.47770482308719614
 10 40 0.3458823013866121
 10 41 0.277236581835993
 10 42 0.07445526696118547
 10 43 0.23336714025416436
 10 44 0.3018294386819144
 10 45 0.5241197785418574
 10 46 0.23793935382044223
 10 47 0.17043254389219667
 10 48 0.18977243085363169
 10 49 0.2186467541719567
 10 50 0.4085086792185759
 11 1 0.9253685298149902
 11 2 0.7173174003797268
 11 3 0.11372161267803368
 11 4 0.9590891674654944
 11 5 0.8000400302497426
 11 6 0.8340027056992052
 11 7 0.9770063198319276
 11 8 0.7301473162722378
 11 9 0.9733766166629679
 11 10 0.8806337746222268
 11 11 1.0
 11 12 0.9694171004506774
 11 13 0.9275375242668115
 11 14 0.8750907736426405
 11 15 0.9999952592545982
 11 16 0.9921423673628006
 11 17 0.9951518654369236
 11 18 0.8574630112802809
 11 19 0.9860371856019106
 11 20 -0.9301148019281716
 11 21 0.7757071160938089
 11 22 0.7646553225098562
 11 23 0.8390457903280514
 11 24 0.9818962638026109
 11 25 0.6726892554667155
 11 26 0.9320024465073828
 11 27 0.513003297724883
 11 28 0.9944918673000095
 11 29 0.9968946976219076
 11 30 0.9529360492510327
 11 31 0.4000593456126592
 11 32 0.8951412773867298
 11 33 0.9714278190697803
 11 34 0.9216443734175074
 11 35 0.9986624200589221
 11 36 0.9924522187132634
 11 37 0.2935910307427537
 11 38 0.8549452608068363
 11 39 0.8688932076783656
 11 40 0.9809300216855522
 11 41 0.9908509637126098
 11 42 0.81753691323019
 11 43 0.9250741955216844
 11 44 0.9589125846004775
 11 45 0.8706623762391356
 11 46 0.9999958578843964
 11 47 0.9744866955514113
 11 48 0.8999564195184722
 11 49 0.9964319681291032
 11 50 0.7489398362513489
 12 1 0.3269358680431274
 12 2 0.17235401416574045
 12 3 0.1656835597083645
 12 4 0.2462342676270738
 12 5 0.2006877296640776
 12 6 0.20153569221191076
 12 7 0.27471724028969313
 12 8 0.2901175817268928
 12 9 0.3506003206686218
 12 10 0.10320688371549676
 12 11 0.9694171004506774
 12 12 1.0
 12 13 0.29742906113072165
 12 14 0.2509464642207862
 12 15 0.23836099318202958
 12 16 0.23693059692194746
 12 17 0.26413612520884694
 12 18 0.2773144918404024
 12 19 0.3281457417678603
 12 20 0.027403920769204147
 12 21 0.2826344468764655
 12 22 0.26249187935004836
 12 23 0.3055409661604191
 12 24 0.37109157865324804
 12 25 0.29109893888634697
 12 26 0.2017955258690222
 12 27 0.2977239969734075
 12 28 0.18134884042352645
 12 29 0.23697235324184082
 12 30 0.24253728709812836
 12 31 0.20794069247274513
 12 32 0.29777026403823836
 12 33 0.2830710164308337
 12 34 0.323595523911133
 12 35 0.36957024418781975
 12 36 0.309883283595165
 12 37 0.18623027194510414
 12 38 0.3396237486910118
 12 39 0.1905339746216655
 12 40 0.25477128521320935
 12 41 0.2336087463012887
 12 42 0.24737048643099138
 12 43 0.3383251702805799
 12 44 0.21622017576768623
 12 45 0.31814199351050887
 12 46 0.3017057881629967
 12 47 0.3251497598114389
 12 48 0.20976638914199905
 12 49 0.30516351418414994
 12 50 0.13324279736364364
 13 1 0.4450296726286853
 13 2 0.2079636282402761
 13 3 0.17673919090838533
 13 4 0.32706663849969686
 13 5 0.27869509616008464
 13 6 0.31249943335070324
 13 7 0.4889026831114221
 13 8 0.47395528956179384
 13 9 0.4313941363528446
 13 10 0.3665529151729845
 13 11 0.9275375242668115
 13 12 0.29742906113072165
 13 13 1.0
 13 14 0.3448081140702982
 13 15 0.35426529867175405
 13 16 0.274024033156598
 13 17 0.30526115121896014
 13 18 0.403434330216078
 13 19 0.4116996544407551
 13 20 0.0897416809194647
 13 21 0.5929526259514573
 13 22 0.3268443277049586
 13 23 0.411676919781426
 13 24 0.4278244880558735
 13 25 0.3643716099877954
 13 26 0.29024810980784527
 13 27 0.38612904647551083
 13 28 0.2497815889091754
 13 29 0.31876176943199713
 13 30 0.28764356470957403
 13 31 0.3485978638335457
 13 32 0.4699086365919245
 13 33 0.34525795816992416
 13 34 0.40771925700435685
 13 35 0.37075755966788604
 13 36 0.43212566540635866
 13 37 0.2798127857961947
 13 38 0.34952660777224515
 13 39 0.45285812881712956
 13 40 0.44095074700477943
 13 41 0.31679958988150436
 13 42 0.31303527376013396
 13 43 0.3701922533887751
 13 44 0.24082201561020342
 13 45 0.37655220026879505
 13 46 0.42682218630937374
 13 47 0.3547023937061121
 13 48 0.26239108986669696
 13 49 0.3482632489030609
 13 50 0.23706418493602788
 14 1 0.2627244459882376
 14 2 0.3479072473856264
 14 3 0.18925487111232303
 14 4 0.2819587937994221
 14 5 0.24306934467031838
 14 6 0.2972786011008941
 14 7 0.3268278783830543
 14 8 0.32187260491721614
 14 9 0.3117675546027081
 14 10 0.3318348318576305
 14 11 0.8750907736426405
 14 12 0.2509464642207862
 14 13 0.3448081140702982
 14 14 1.0
 14 15 0.21288162433900315
 14 16 0.28311615559346576
 14 17 0.25342880907164916
 14 18 0.3044929330631836
 14 19 0.340196926365492
 14 20 0.03189151166276476
 14 21 0.3189988278547865
 14 22 0.3147355172213778
 14 23 0.4174611638509599
 14 24 0.3252680614096482
 14 25 0.3232769678571518
 14 26 0.2303102685035613
 14 27 0.31578164039738665
 14 28 0.2279855322227899
 14 29 0.23064237454627662
 14 30 0.24425019300911918
 14 31 0.2476153334707028
 14 32 0.35247912849245233
 14 33 0.200191811765337
 14 34 0.32767231338214153
 14 35 0.39920662500819026
 14 36 0.3797454527813576
 14 37 0.22819938837052467
 14 38 0.32797724639797426
 14 39 0.31658138395462876
 14 40 0.252512915944034
 14 41 0.26986697573718943
 14 42 0.3645776612488472
 14 43 0.3083725359488802
 14 44 0.2332389488554123
 14 45 0.41879266166863727
 14 46 0.3106035820496477
 14 47 0.28398664827157527
 14 48 0.23261394713594302
 14 49 0.321351703925311
 14 50 0.34066841375490015
 15 1 0.2386178022231018
 15 2 0.1776250278029835
 15 3 0.20523951152280281
 15 4 0.27254920676939653
 15 5 0.2674067098115061
 15 6 0.2562210661348789
 15 7 0.42118272706431414
 15 8 0.36445733582742623
 15 9 0.3728953119534367
 15 10 0.2284772545268006
 15 11 0.9999952592545982
 15 12 0.23836099318202958
 15 13 0.35426529867175405
 15 14 0.21288162433900315
 15 15 1.0
 15 16 0.25093745019430924
 15 17 0.30914617535167654
 15 18 0.30811622768001173
 15 19 0.38424717994648827
 15 20 0.060762591212463156
 15 21 0.2957309278736388
 15 22 0.2457121286944392
 15 23 0.32819229734364397
 15 24 0.3477804958883618
 15 25 0.31105337609968475
 15 26 0.23606260953926284
 15 27 0.35325584314525993
 15 28 0.22710744174828895
 15 29 0.2418717716635075
 15 30 0.24441447563958996
 15 31 0.32459856377276625
 15 32 0.3070133433116122
 15 33 0.30519494827230814
 15 34 0.3755671653046527
 15 35 0.34954270511507246
 15 36 0.35789624596946995
 15 37 0.2647752586317537
 15 38 0.3298488660540791
 15 39 0.37876603810734766
 15 40 0.6798057782628845
 15 41 0.28270538696819336
 15 42 0.29171697065196783
 15 43 0.33798786752429727
 15 44 0.16635374541252718
 15 45 0.33501284779523277
 15 46 0.3721392167806965
 15 47 0.28334699258825274
 15 48 0.22391697700305127
 15 49 0.3061237968759728
 15 50 0.11864513315114446
 16 1 0.3110467551029631
 16 2 0.16723700251801527
 16 3 0.17734083144282958
 16 4 0.44218371301194453
 16 5 0.3209955072418038
 16 6 0.2755955474459207
 16 7 0.26912159962210347
 16 8 0.27440978866254173
 16 9 0.32509873423326596
 16 10 0.22622044891167337
 16 11 0.9921423673628006
 16 12 0.23693059692194746
 16 13 0.274024033156598
 16 14 0.28311615559346576
 16 15 0.25093745019430924
 16 16 1.0
 16 17 0.22373297282758434
 16 18 0.30657841919560935
 16 19 0.31122915667468704
 16 20 0.039001528951305736
 16 21 0.27157258911005416
 16 22 0.2571445537158452
 16 23 0.31173653905129445
 16 24 0.3076682669115541
 16 25 0.2871095938290958
 16 26 0.3189677845998422
 16 27 0.268319435375873
 16 28 0.22891555191325494
 16 29 0.24513314212668677
 16 30 0.27054422364124714
 16 31 0.23077197787182863
 16 32 0.2858862357710902
 16 33 0.22499655792785503
 16 34 0.31150564428434196
 16 35 0.32759325219756774
 16 36 0.29939093083846946
 16 37 0.2327918171697018
 16 38 0.2992117132999536
 16 39 0.18060977829930946
 16 40 0.2630031423839558
 16 41 0.28513786317592243
 16 42 0.2571022322119968
 16 43 0.32381760503016316
 16 44 0.22964024351666226
 16 45 0.3263412143808602
 16 46 0.2940356513399949
 16 47 0.2947005690570028
 16 48 0.20999322276981897
 16 49 0.27624721418125625
 16 50 0.254210047654007
 17 1 -0.02185771453328321
 17 2 0.1175207336873551
 17 3 0.3088451817871439
 17 4 0.2968657528013062
 17 5 0.2453353271298947
 17 6 0.26582455924759973
 17 7 0.32871451189028295
 17 8 0.27407307582619117
 17 9 0.4006404888515603
 17 10 0.13915541771753878
 17 11 0.9951518654369236
 17 12 0.26413612520884694
 17 13 0.30526115121896014
 17 14 0.25342880907164916
 17 15 0.30914617535167654
 17 16 0.22373297282758434
 17 17 1.0
 17 18 0.2816005911027311
 17 19 0.46935124001329737
 17 20 0.05374158461715679
 17 21 0.31193862718229176
 17 22 0.2611215695632449
 17 23 0.30888708816412
 17 24 0.47171912991253084
 17 25 0.31557029631216993
 17 26 0.20351994466251241
 17 27 0.41401398446769105
 17 28 0.2611674306514169
 17 29 0.29444237271961093
 17 30 0.23483379436158935
 17 31 0.27305696344470987
 17 32 0.2883997756776596
 17 33 0.4940321084056004
 17 34 0.4860545938193494
 17 35 0.3738724966481603
 17 36 0.2927906332988582
 17 37 0.31661542197709935
 17 38 0.5250142006184308
 17 39 0.21232676340111303
 17 40 0.306773429171485
 17 41 0.32316620626450804
 17 42 0.28506010071497995
 17 43 0.494314375964064
 17 44 0.20894554565554327
 17 45 0.4127525837395209
 17 46 0.4011254967259204
 17 47 0.31147168012050275
 17 48 0.2789219093033197
 17 49 0.37033221365790836
 17 50 0.11553963159319693
 18 1 0.32423725143792936
 18 2 0.20250894793118715
 18 3 0.15860647740959766
 18 4 0.2964418367673043
 18 5 0.24578987703674635
 18 6 0.32194976837371286
 18 7 0.3869254115715809
 18 8 0.37919280686058143
 18 9 0.39847335531214223
 18 10 0.45040365348597194
 18 11 0.8574630112802809
 18 12 0.2773144918404024
 18 13 0.403434330216078
 18 14 0.3044929330631836
 18 15 0.30811622768001173
 18 16 0.30657841919560935
 18 17 0.2816005911027311
 18 18 1.0
 18 19 0.3886666571985049
 18 20 0.0682293417613877
 18 21 0.373380542612052
 18 22 0.3091677246908436
 18 23 0.38801959834292254
 18 24 0.38675893271638273
 18 25 0.3373795250926449
 18 26 0.2180918065707249
 18 27 0.3886089935088373
 18 28 0.2427477044920082
 18 29 0.24904078236131114
 18 30 0.276188830444108
 18 31 0.3025410673449846
 18 32 0.33828907211039627
 18 33 0.28083276854530087
 18 34 0.37901328843172655
 18 35 0.35552828630148375
 18 36 0.38494101162500366
 18 37 0.2914862578968472
 18 38 0.3392674896685195
 18 39 0.41390379573742
 18 40 0.3202709884203851
 18 41 0.3309812170330793
 18 42 0.27393859367875717
 18 43 0.3256331589555062
 18 44 0.20396818782833193
 18 45 0.34601209648664044
 18 46 0.4031823826107874
 18 47 0.32033274328433836
 18 48 0.19523206974636628
 18 49 0.32412219827141114
 18 50 0.13237133170908286
 19 1 0.41586318714588966
 19 2 0.1695506079565163
 19 3 0.28221256747593676
 19 4 0.3624400366890864
 19 5 0.29512289570502837
 19 6 0.3400740892983012
 19 7 0.43223590065427236
 19 8 0.39074533064104844
 19 9 0.5070588152563755
 19 10 0.33052209821189343
 19 11 0.9860371856019106
 19 12 0.3281457417678603
 19 13 0.4116996544407551
 19 14 0.340196926365492
 19 15 0.38424717994648827
 19 16 0.31122915667468704
 19 17 0.46935124001329737
 19 18 0.3886666571985049
 19 19 1.0
 19 20 0.04282900916843156
 19 21 0.3923580705588202
 19 22 0.3058496587235389
 19 23 0.4146112730012178
 19 24 0.5896628510670592
 19 25 0.4324393185422937
 19 26 0.2659301692602483
 19 27 0.4627314383050259
 19 28 0.3254701639532143
 19 29 0.43130487569991105
 19 30 0.2934785422085091
 19 31 0.3265610203576927
 19 32 0.38217440640085915
 19 33 0.4644017059170597
 19 34 0.5171021543256272
 19 35 0.48869677738263956
 19 36 0.40165896724136624
 19 37 0.36625691483878214
 19 38 0.532709200204163
 19 39 0.4369689661443659
 19 40 0.38633355298971805
 19 41 0.34890761970761214
 19 42 0.365274730290056
 19 43 0.5238288876410312
 19 44 0.2861171135465156
 19 45 0.455676159773352
 19 46 0.5089279827680717
 19 47 0.43806708814340445
 19 48 0.3386686179669229
 19 49 0.5550260562230224
 19 50 0.1910827211910957
 20 1 0.09461927846515193
 20 2 0.06758053983110977
 20 3 0.09205500430606971
 20 4 0.08324016299006518
 20 5 0.07876647500820132
 20 6 0.08049232693072228
 20 7 0.0698783769269352
 20 8 0.05540134963032713
 20 9 0.05618745342835099
 20 10 0.06560048830976474
 20 11 -0.9301148019281716
 20 12 0.027403920769204147
 20 13 0.0897416809194647
 20 14 0.03189151166276476
 20 15 0.060762591212463156
 20 16 0.039001528951305736
 20 17 0.05374158461715679
 20 18 0.0682293417613877
 20 19 0.04282900916843156
 20 20 1.0
 20 21 0.06804471764789288
 20 22 0.04906619030459509
 20 23 0.059843359272040035
 20 24 0.0808554283526968
 20 25 0.047686509160691615
 20 26 0.062342365831964806
 20 27 0.02723116861157901
 20 28 0.07488924590026044
 20 29 0.07281041379300573
 20 30 0.0952509313799623
 20 31 0.048766908621546284
 20 32 0.04618167490407192
 20 33 0.024360834205176818
 20 34 0.07656139428122039
 20 35 0.010130725354303219
 20 36 0.09376357642807473
 20 37 0.066962679371219
 20 38 0.06478095333504365
 20 39 0.022813589034242725
 20 40 0.09926002738310313
 20 41 0.11730559880769031
 20 42 0.04796716067602412
 20 43 0.08648738744419203
 20 44 0.04829600469259309
 20 45 0.07602081793380874
 20 46 0.015032385119689129
 20 47 0.10888156627348415
 20 48 0.004464439952840147
 20 49 0.0517454442577503
 20 50 0.04199910869996623
 21 1 0.3207446791249417
 21 2 0.2200119741575853
 21 3 0.2097065176793387
 21 4 0.2944048798594066
 21 5 0.25026498231353383
 21 6 0.2922356673979942
 21 7 0.43978760133919303
 21 8 0.41637481619463435
 21 9 0.3604848328114347
 21 10 0.29676395562334956
 21 11 0.7757071160938089
 21 12 0.2826344468764655
 21 13 0.5929526259514573
 21 14 0.3189988278547865
 21 15 0.2957309278736388
 21 16 0.27157258911005416
 21 17 0.31193862718229176
 21 18 0.373380542612052
 21 19 0.3923580705588202
 21 20 0.06804471764789288
 21 21 1.0
 21 22 0.32150087552256956
 21 23 0.40804134546337806
 21 24 0.4016300702096583
 21 25 0.35868586501477623
 21 26 0.3025799199777519
 21 27 0.31255646061366854
 21 28 0.25425462462666576
 21 29 0.274694663030817
 21 30 0.2805722615903553
 21 31 0.3048684079623617
 21 32 0.4287732489022047
 21 33 0.36314466974590587
 21 34 0.39209030429076863
 21 35 0.36443113952988326
 21 36 0.38142091632844544
 21 37 0.297683840421424
 21 38 0.2974872842097562
 21 39 0.384733364851538
 21 40 0.36579500535054904
 21 41 0.31673606324901227
 21 42 0.2596140039850393
 21 43 0.3471340876923304
 21 44 0.22211211583832077
 21 45 0.39778565556320616
 21 46 0.3914134921565972
 21 47 0.34624149139351124
 21 48 0.27182184069972043
 21 49 0.2983711942918293
 21 50 0.26986360610995935
 22 1 0.13224299194180142
 22 2 0.2057515577651036
 22 3 0.1459064160866625
 22 4 0.2744301583257177
 22 5 0.2416744714459579
 22 6 0.2880660779413531
 22 7 0.3262214542888306
 22 8 0.338412482792828
 22 9 0.3429472532465108
 22 10 0.4171614580876852
 22 11 0.7646553225098562
 22 12 0.26249187935004836
 22 13 0.3268443277049586
 22 14 0.3147355172213778
 22 15 0.2457121286944392
 22 16 0.2571445537158452
 22 17 0.2611215695632449
 22 18 0.3091677246908436
 22 19 0.3058496587235389
 22 20 0.04906619030459509
 22 21 0.32150087552256956
 22 22 1.0
 22 23 0.3360472563617078
 22 24 0.36820250156604745
 22 25 0.2718833076366998
 22 26 0.25530052799664
 22 27 0.3080148094634081
 22 28 0.23875582541854384
 22 29 0.2545353623642667
 22 30 0.26970211685602236
 22 31 0.24793341589807338
 22 32 0.3254366755222446
 22 33 0.27825774661688535
 22 34 0.33782168530881784
 22 35 0.3136829424267075
 22 36 0.32387486954021116
 22 37 0.23323235202458242
 22 38 0.2973576056675735
 22 39 0.38568389188922964
 22 40 0.2813179107625773
 22 41 0.3188225455812552
 22 42 0.25071623539641413
 22 43 0.31767242191331113
 22 44 0.1918230572648238
 22 45 0.3527353421874256
 22 46 0.3118531713221142
 22 47 0.2840716883188576
 22 48 0.21744346059583972
 22 49 0.3150398247340683
 22 50 0.20753428105450797
 23 1 0.3007889379418956
 23 2 0.2604566580135003
 23 3 0.21632260775530915
 23 4 0.3272981588385006
 23 5 0.294205577354733
 23 6 0.32862388797487796
 23 7 0.41372734580443593
 23 8 0.4294565909244546
 23 9 0.4072785896752169
 23 10 0.5285403594851547
 23 11 0.8390457903280514
 23 12 0.3055409661604191
 23 13 0.411676919781426
 23 14 0.4174611638509599
 23 15 0.32819229734364397
 23 16 0.31173653905129445
 23 17 0.30888708816412
 23 18 0.38801959834292254
 23 19 0.4146112730012178
 23 20 0.059843359272040035
 23 21 0.40804134546337806
 23 22 0.3360472563617078
 23 23 1.0
 23 24 0.4262522020168594
 23 25 0.3632564841043291
 23 26 0.30851796227649053
 23 27 0.39568453464478975
 23 28 0.3105545905083631
 23 29 0.2852063164247707
 23 30 0.26548078762249966
 23 31 0.3180804216489669
 23 32 0.367975556279632
 23 33 0.26955851791100116
 23 34 0.39117622323728674
 23 35 0.4261970659724787
 23 36 0.5492839605869084
 23 37 0.2900243134590761
 23 38 0.3769097013893166
 23 39 0.4665438502422285
 23 40 0.3804521177690513
 23 41 0.33210992239995873
 23 42 0.34113391939449367
 23 43 0.3942861466745373
 23 44 0.2450353808487369
 23 45 0.4421874157993936
 23 46 0.38025655776524864
 23 47 0.3270244694139184
 23 48 0.22628020156265777
 23 49 0.3872630692700626
 23 50 0.3462461492504936
 24 1 0.4281323445899097
 24 2 0.19388102458585
 24 3 0.25822249770874456
 24 4 0.3703006982661378
 24 5 0.32191544336852795
 24 6 0.3540788848821586
 24 7 0.426292713185718
 24 8 0.4167441836844941
 24 9 0.5042296088707541
 24 10 0.3105215559030947
 24 11 0.9818962638026109
 24 12 0.37109157865324804
 24 13 0.4278244880558735
 24 14 0.3252680614096482
 24 15 0.3477804958883618
 24 16 0.3076682669115541
 24 17 0.47171912991253084
 24 18 0.38675893271638273
 24 19 0.5896628510670592
 24 20 0.0808554283526968
 24 21 0.4016300702096583
 24 22 0.36820250156604745
 24 23 0.4262522020168594
 24 24 1.0
 24 25 0.41224951336786303
 24 26 0.2739213302037197
 24 27 0.46582139185951416
 24 28 0.3392992046661188
 24 29 0.4089501966938355
 24 30 0.2774511726108849
 24 31 0.32779539350416637
 24 32 0.40033657775987364
 24 33 0.45569737520561837
 24 34 0.532032659531855
 24 35 0.4669792692455377
 24 36 0.43017094115470816
 24 37 0.3234511975848208
 24 38 0.5134994162406687
 24 39 0.39490262503866086
 24 40 0.37269121781320125
 24 41 0.34286884719570815
 24 42 0.3618903377661332
 24 43 0.5248683500569422
 24 44 0.2700988667203251
 24 45 0.4559923637060903
 24 46 0.42826851585852854
 24 47 0.398682934346835
 24 48 0.3183163375722916
 24 49 0.5035271481252221
 24 50 0.21690189430220352
 25 1 0.29117824223761735
 25 2 0.19266604485799374
 25 3 0.21890579740912622
 25 4 0.31682368641141323
 25 5 0.27751105258664405
 25 6 0.3047594486075669
 25 7 0.3872316619680745
 25 8 0.35609935094771733
 25 9 0.4262808558373797
 25 10 0.186549061651592
 25 11 0.6726892554667155
 25 12 0.29109893888634697
 25 13 0.3643716099877954
 25 14 0.3232769678571518
 25 15 0.31105337609968475
 25 16 0.2871095938290958
 25 17 0.31557029631216993
 25 18 0.3373795250926449
 25 19 0.4324393185422937
 25 20 0.047686509160691615
 25 21 0.35868586501477623
 25 22 0.2718833076366998
 25 23 0.3632564841043291
 25 24 0.41224951336786303
 25 25 1.0
 25 26 0.26127629207187675
 25 27 0.3821219367558772
 25 28 0.31471604594643526
 25 29 0.31174771158204584
 25 30 0.2627140518333551
 25 31 0.2998819823130802
 25 32 0.3740221070059701
 25 33 0.2882486636214988
 25 34 0.40906647946093144
 25 35 0.39063878098275917
 25 36 0.38742198269831135
 25 37 0.3350601863186706
 25 38 0.3690786803690484
 25 39 0.28912841191997923
 25 40 0.3373232831620081
 25 41 0.34974145088081166
 25 42 0.30410719757545335
 25 43 0.3736657892491926
 25 44 0.2704442092658216
 25 45 0.4238788355009508
 25 46 0.3940038093325298
 25 47 0.3425865455815747
 25 48 0.3020065191401429
 25 49 0.3705093885000482
 25 50 0.16364432973834817
 26 1 0.3959671275647024
 26 2 0.18485635843996082
 26 3 0.10904675380244065
 26 4 0.324493128488203
 26 5 0.3028355299474115
 26 6 0.2764689358046173
 26 7 0.2846810769192925
 26 8 0.26228382857243804
 26 9 0.26377605228255463
 26 10 0.30224142767236767
 26 11 0.9320024465073828
 26 12 0.2017955258690222
 26 13 0.29024810980784527
 26 14 0.2303102685035613
 26 15 0.23606260953926284
 26 16 0.3189677845998422
 26 17 0.20351994466251241
 26 18 0.2180918065707249
 26 19 0.2659301692602483
 26 20 0.062342365831964806
 26 21 0.3025799199777519
 26 22 0.25530052799664
 26 23 0.30851796227649053
 26 24 0.2739213302037197
 26 25 0.26127629207187675
 26 26 1.0
 26 27 0.24671216667736248
 26 28 0.19962030202487874
 26 29 0.22549673727562594
 26 30 0.2425304381154975
 26 31 0.20048615548530666
 26 32 0.28218702844092414
 26 33 0.1771190417027737
 26 34 0.3048206181235071
 26 35 0.26911248176041197
 26 36 0.3036046941885105
 26 37 0.24687904168508928
 26 38 0.2504501561893013
 26 39 0.29978543111399547
 26 40 0.266065990897777
 26 41 0.2815500738299112
 26 42 0.2082259339380282
 26 43 0.25694228333167923
 26 44 0.19310671789620895
 26 45 0.2848609684670548
 26 46 0.2635508704306012
 26 47 0.25986064552275406
 26 48 0.18780041332861047
 26 49 0.24482165774783196
 26 50 0.22193160669239304
 27 1 0.24918901113077302
 27 2 0.1709478576388169
 27 3 0.24264151074390652
 27 4 0.31560262543121537
 27 5 0.26576044346610667
 27 6 0.3162695063251511
 27 7 0.4105664071711055
 27 8 0.35240979882052886
 27 9 0.49480597046192737
 27 10 0.18426776282596205
 27 11 0.513003297724883
 27 12 0.2977239969734075
 27 13 0.38612904647551083
 27 14 0.31578164039738665
 27 15 0.35325584314525993
 27 16 0.268319435375873
 27 17 0.41401398446769105
 27 18 0.3886089935088373
 27 19 0.4627314383050259
 27 20 0.02723116861157901
 27 21 0.31255646061366854
 27 22 0.3080148094634081
 27 23 0.39568453464478975
 27 24 0.46582139185951416
 27 25 0.3821219367558772
 27 26 0.24671216667736248
 27 27 1.0
 27 28 0.29282143345971845
 27 29 0.24737537830177156
 27 30 0.2746714323719985
 27 31 0.3249620005107788
 27 32 0.3631412415055893
 27 33 0.41936221395850387
 27 34 0.4923944057185056
 27 35 0.37113587877844456
 27 36 0.37147851128052
 27 37 0.30521048487370717
 27 38 0.4196872308834352
 27 39 0.261652264237861
 27 40 0.36855074500103435
 27 41 0.31614510729880835
 27 42 0.30112579344106594
 27 43 0.44169578908341817
 27 44 0.21738849608184976
 27 45 0.4108878534720686
 27 46 0.5276594828940706
 27 47 0.28217966550803575
 27 48 0.2723923118747763
 27 49 0.45039396669965515
 27 50 0.16598106800872106
 28 1 0.2519807354135218
 28 2 0.15475126264796513
 28 3 0.16277001232246224
 28 4 0.2594178195509488
 28 5 0.21965375679888335
 28 6 0.2337441215888166
 28 7 0.27046785320935046
 28 8 0.2388786580577418
 28 9 0.29917476664573955
 28 10 0.30602200648483596
 28 11 0.9944918673000095
 28 12 0.18134884042352645
 28 13 0.2497815889091754
 28 14 0.2279855322227899
 28 15 0.22710744174828895
 28 16 0.22891555191325494
 28 17 0.2611674306514169
 28 18 0.2427477044920082
 28 19 0.3254701639532143
 28 20 0.07488924590026044
 28 21 0.25425462462666576
 28 22 0.23875582541854384
 28 23 0.3105545905083631
 28 24 0.3392992046661188
 28 25 0.31471604594643526
 28 26 0.19962030202487874
 28 27 0.29282143345971845
 28 28 1.0
 28 29 0.18375715630345832
 28 30 0.22295551966084606
 28 31 0.18731691283484647
 28 32 0.26894390998265677
 28 33 0.26077473669209444
 28 34 0.30159801535628394
 28 35 0.30459243017734033
 28 36 0.2817029284633784
 28 37 0.20063502939697042
 28 38 0.3262173723273453
 28 39 0.2650359712935661
 28 40 0.2562818312118023
 28 41 0.25309185839172205
 28 42 0.23367748660846757
 28 43 0.31015319479658976
 28 44 0.2577894655741814
 28 45 0.32693757396409545
 28 46 0.2914557593271348
 28 47 0.23860059870723765
 28 48 0.21744093147310947
 28 49 0.26800922628986856
 28 50 0.12784040665208585
 29 1 0.2735518253982665
 29 2 0.16105155074009792
 29 3 0.25674658422480795
 29 4 0.3085906222950223
 29 5 0.26565926380598187
 29 6 0.22197817286863475
 29 7 0.34429227863002676
 29 8 0.30509778889175115
 29 9 0.33614293043103116
 29 10 0.24346088938695062
 29 11 0.9968946976219076
 29 12 0.23697235324184082
 29 13 0.31876176943199713
 29 14 0.23064237454627662
 29 15 0.2418717716635075
 29 16 0.24513314212668677
 29 17 0.29444237271961093
 29 18 0.24904078236131114
 29 19 0.43130487569991105
 29 20 0.07281041379300573
 29 21 0.274694663030817
 29 22 0.2545353623642667
 29 23 0.2852063164247707
 29 24 0.4089501966938355
 29 25 0.31174771158204584
 29 26 0.22549673727562594
 29 27 0.24737537830177156
 29 28 0.18375715630345832
 29 29 1.0
 29 30 0.21581000079699114
 29 31 0.23969568929519192
 29 32 0.2611989142622138
 29 33 0.3377381906539644
 29 34 0.3799867455559526
 29 35 0.33997221691831364
 29 36 0.2934178622657361
 29 37 0.23488354224160268
 29 38 0.35110501661601107
 29 39 0.3143920972831311
 29 40 0.27160049625848626
 29 41 0.2788505699103937
 29 42 0.2580711465384682
 29 43 0.4165949332377159
 29 44 0.1669024654842682
 29 45 0.27128886910351674
 29 46 0.24876594956307327
 29 47 0.6358975931306055
 29 48 0.20145893193599212
 29 49 0.34482172459913135
 29 50 0.19840145163007925
 30 1 0.4028485239954687
 30 2 0.14522062210394485
 30 3 0.15087834374065462
 30 4 0.2735256636738296
 30 5 0.2416812317168756
